8867
6282
4791
8830
809
168
6465
6773
5243
15
103
8365
796
3557
9464
9296
5391
3618
7773
3334
3888
8361
3706
7035
6951
3998
2503
5831
179
3289
8500
1623
5830
93
4097
5162
2947
4342
6529
1755
1098
9290
3558
4860
3196
4595
2650
3678
7125
8299
3155
41
3342
1471
7577
2442
1096
897
5604
9325
9341
4794
4631
645
723
1428
3985
7561
530
7454
7716
3135
9053
5063
3297
8931
4795
3692
4357
4607
4888
8133
9086
6897
1931
8526
7180
1102
6267
8405
8497
2364
6247
864
3302
4358
2870
5304
3129
5395
8606
2635
858
7318
4520
8854
3645
8347
4644
9254
2634
8754
5357
3070
5685
8258
8643
6440
5689
1015
2888
3130
4767
5237
2864
40
5369
5106
3633
8976
5544
2677
8646
394
646
3093
912
3299
3889
2913
9199
262
6558
8434
4940
1313
2740
229
2845
6759
4222
698
7570
604
8996
86
5666
8232
5597
8090
8755
52
1300
8404
2353
5390
8995
8775
4865
4974
4953
247
8073
3107
265
3304
5675
1674
5096
4646
9454
2868
3963
9352
3487
5029
5366
348
6896
3218
8298
2548
4716
4375
631
7513
6931
7488
2882
929
8346
722
207
266
2577
16
5448
6708
2645
8975
3386
8568
2834
3228
8473
9070
695
4521
4768
8406
6932
6992
9047
8868
8705
2593
6062
837
9239
8747
3377
1101
4075
5764
3679
6349
94
2869
267
9197
821
6413
3892
4885
3298
8089
5242
2678
5062
7246
1093
2977
3305
5103
632
7734
402
3671
8645
4597
3726
4313
8116
758
2880
3603
1408
3642
7286
4578
4244
208
9055
6106
9353
7832
7535
2817
4695
4511
5492
1762
6775
8401
5104
8862
6991
2502
2102
5068
3459
7060
7682
1624
9367
699
5367
8525
1448
7410
8047
6044
1761
5688
7588
6643
6854
5152
6813
7285
352
7562
3831
6835
740
1994
1933
2489
8024
9187
4962
6206
8941
9456
9238
263
8776
8424
1260
1437
7730
7676
3891
6390
1947
9164
141
373
4074
8630
8589
3061
9087
3062
5603
8819
5396
2490
5257
2292
8704
5639
8940
8758
4579
4221
8356
4114
2230
5258
5368
5161
5644
4135
4861
178
3267
3256
4384
4412
1644
9496
8759
810
859
1261
8152
1092
410
4258
3094
6392
8486
5361
3808
4596
3050
7236
4684
4926
6776
6950
347
619
4238
3673
513
3488
5037
3734
3705
5640
4608
6853
7455
51
8448
5692
5732
9198
1268
8569
3266
8856
605
1281
9255
3372
853
7683
4257
3378
4715
608
3595
1249
216
3778
396
721
9174
7775
7411
2739
139
9354
8936
3025
2583
7034
6209
1615
165
4954
8880
1934
1252
8435
6230
4421
9402
1301
5521
775
8151
6210
8584
9340
7640
5525
3585
3154
717
3594
8861
8288
4433
5641
5196
3617
3071
5238
2374
3489
4432
1622
7970
4413
4440
3464
3333
67
4671
5132
711
5256
3672
4056
2547
913
4866
5064
8048
4583
7697
264
5522
104
8499
278
29130
19571
25632
11167
26058
11299
26638
16867
22732
30122
19206
24052
11136
18391
11249
11872
27651
14168
25263
24005
29966
24895
13024
17506
22391
18305
24049
21675
26811
28695
9580
16394
15307
14391
16895
23427
25865
10680
14338
11397
12550
15100
19564
24912
18440
19115
22166
11602
18470
24122
17882
24108
20614
18315
28270
19518
17170
12883
18961
26664
25672
10524
13256
12735
24794
26965
13151
18564
25663
19658
28787
24520
13663
18277
11638
13548
22266
27315
12892
18244
17005
17846
19585
14373
10447
15379
17166
10307
22815
16919
15453
27150
11286
13468
9932
24844
14307
16075
28088
23558
25094
29808
29723
17756
17631
19661
15099
29604
15759
28893
26841
19078
27495
14110
21671
11063
11881
18953
17895
29895
11860
20391
28230
21211
28763
21175
18454
23446
13688
12079
29480
13742
25924
14992
19687
27365
24235
12012
17363
14784
27634
20914
15533
25593
11474
16070
11972
29513
11892
14513
26229
28495
17425
14214
14636
18758
25400
20385
23048
24713
17296
9685
26253
28256
17771
22690
10625
21817
24829
20853
15211
27817
17875
13813
16816
27362
11124
14961
16385
23635
23960
15080
26289
19941
9606
11039
21504
16359
26239
29358
11495
14414
23149
15028
17369
24303
18245
10985
23922
27311
10922
11080
18326
20485
22085
23478
20521
28081
22937
28958
20912
24346
18205
18635
26000
12408
19317
27765
19241
24580
29456
13393
29969
29691
14904
25026
24778
21963
20813
11093
10219
24271
15244
20071
13067
25855
10858
21496
17879
12851
19808
13300
12503
24909
12051
21344
21949
14102
25383
17232
12684
23485
26766
27323
24024
9726
11682
16504
19155
20170
29894
18769
22049
21749
20114
20678
24008
11823
10059
10921
26452
20421
29835
12762
16249
19039
16708
10211
21137
11382
28503
12703
20801
15870
20803
24860
26317
22741
12584
18299
11965
24569
11877
28512
26315
21005
22356
27388
27860
28414
16653
28522
20699
23214
20163
15027
10622
18113
24365
22763
10898
29319
19990
15923
17052
17332
23241
29066
28194
27664
22329
13650
24087
13113
13075
22299
24255
27102
13242
23015
28181
20018
12600
26321
20221
27127
20712
25240
13268
20957
11086
16305
13314
18466
22920
23883
24282
10560
18775
21704
17136
24897
23228
22669
19401
10317
21197
19045
9710
27712
29452
23079
24116
23550
26716
19794
16349
30031
15884
10134
26818
25228
25529
24681
29785
16182
11950
11777
14643
12632
29397
23627
18835
16725
13142
21772
10068
15762
28942
28618
15960
18289
13672
19728
19261
22922
25340
27989
23766
27777
13800
23104
20546
13643
29695
17752
16587
26410
16219
25498
21348
29973
29805
21893
29867
20201
11677
17475
19570
27788
13091
24465
18012
9981
24277
19545
16289
19722
12588
11725
21616
19523
23211
26647
13806
22430
14351
28921
19465
24310
28204
22831
29173
9991
15402
22940
11608
24783
18445
17427
19090
17148
22514
10086
15042
24219
11004
15207
16400
21469
11011
29002
13051
12342
14617
19727
11895
29322
29415
24370
14968
25699
13035
13606
17345
28436
9655
15172
17765
22234
25342
28434
14207
17149
25170
11002
12128
14346
23167
15259
20529
10132
18066
17236
15643
22235
15406
16768
26296
27457
