0
2
7
8
11
12
14
15
16
17
20
21
23
24
26
27
29
30
35
36
38
39
41
43
46
53
54
55
56
59
60
61
64
66
68
69
71
72
75
76
78
86
87
88
90
91
92
95
97
99
100
101
102
103
105
109
110
112
115
116
119
122
123
128
129
132
133
135
136
139
145
148
150
151
154
155
158
159
160
161
163
166
168
169
171
172
173
175
176
177
178
179
181
182
183
184
186
187
188
189
190
192
194
197
198
199
200
201
202
203
207
210
214
215
216
217
222
225
226
227
229
231
232
233
235
236
237
239
242
243
244
245
246
247
248
253
255
259
264
266
267
268
269
270
272
274
276
279
280
282
283
284
285
287
290
293
296
297
298
302
306
309
315
318
320
324
326
328
330
331
333
334
339
340
345
346
348
349
352
355
357
358
359
360
362
367
368
370
374
375
378
380
381
383
384
388
389
391
394
395
400
401
405
406
407
408
410
411
412
413
414
415
416
418
421
422
424
425
426
427
429
430
431
432
433
435
437
438
443
444
445
446
449
450
452
453
454
455
457
460
461
465
466
471
474
479
480
483
487
488
491
494
501
502
504
505
508
509
512
513
514
515
517
518
522
523
526
530
538
539
540
541
542
549
550
552
554
557
559
563
564
565
566
569
571
572
573
574
576
578
579
580
584
590
591
595
596
597
598
600
603
604
610
613
614
616
617
619
620
623
624
625
626
632
635
636
637
638
639
641
642
645
648
654
657
660
661
664
666
667
668
670
672
674
679
680
681
687
688
689
690
694
696
704
708
709
711
712
714
715
717
720
725
728
733
734
735
736
738
740
743
746
748
749
751
753
756
757
763
764
765
767
768
769
770
771
774
776
778
779
780
781
782
784
786
790
797
800
803
807
808
810
811
812
813
816
820
822
825
826
827
828
830
832
834
835
837
838
841
842
843
844
845
846
847
850
855
856
859
861
864
866
872
878
887
889
891
892
894
895
898
900
905
907
909
910
918
921
922
925
926
929
931
934
936
944
945
946
951
955
956
959
960
961
966
972
975
977
981
984
987
989
992
996
997
998
1002
1005
1009
1011
1013
1014
1015
1016
1022
1028
1029
1030
1031
1034
1037
1039
1041
1046
1048
1049
1060
1061
1062
1063
1066
1073
1074
1077
1079
1081
1082
1083
1089
1090
1097
1100
1103
1105
1106
1112
1114
1115
1116
1117
1118
1119
1120
1121
1122
1124
1126
1129
1131
1134
1136
1137
1140
1143
1144
1146
1147
1152
1153
1155
1157
1159
1160
1161
1166
1167
1168
1170
1171
1174
1176
1177
1178
1179
1180
1182
1183
1184
1186
1187
1188
1190
1191
1197
1198
1200
1201
1202
1204
1206
1207
1208
1211
1213
1215
1217
1218
1219
1220
1221
1222
1223
1224
1226
1228
1231
1232
1236
1237
1238
1239
1240
1241
1244
1246
1252
1253
1256
1257
1258
1259
1261
1263
1270
1272
1274
1279
1282
1284
1286