2267
5711
1872
4636
7557
3019
2914
8554
5291
7916
5507
8086
2942
5988
2426
1252
6707
5813
1090
5582
1535
4091
1310
696
3748
8267
9251
8077
1689
4161
837
7663
676
3117
6800
3744
9313
28
1532
1338
1189
4069
8728
9063
8922
8217
3161
9123
7627
189
1744
5849
8093
3005
8806
2336
6482
4926
4733
4209
6175
343
2927
3868
2348
6786
2969
3562
6100
8461
1740
3438
5343
7014
1
112
7323
9180
5660
2127
5971
1047
4459
7099
5928
3057
8880
2277
8282
9213
188
4780
8782
2188
7764
4321
7
9068
7228
8951
7059
3655
1249
5787
3964
5418
870
3018
7808
8763
5355
8765
5013
869
4512
7638
6109
496
7546
8931
8390
2648
7924
6365
6045
7584
2882
6401
6802
6810
7137
2179
9327
5445
2343
2118
6196
3283
3723
903
501
8686
5145
4592
7697
5263
9377
6970
6586
2739
3138
3548
2552
3825
6187
1525
7980
5443
8452
8964
6569
2522
2185
3563
5133
246
7639
1408
3420
8633
6801
8453
4620
8842
153
3717
4256
9074
151
6710
582
6281
9065
0
7759
813
2817
6035
4750
2346
7130
6454
3089
5030
7309
6845
4746
5612
2962
7967
4105
7219
4116
9403
3067
2590
8268
2218
2869
3774
4531
351
2465
4645
2922
1401
5739
3063
4649
878
4411
3400
5676
9017
4723
5472
3981
5410
93
3765
558
2656
1014
3166
6690
6302
4686
4640
486
4530
4582
958
6818
8753
7199
5356
6852
7573
502
9476
7871
4415
765
4304
885
6864
4033
5622
5661
3091
4297
2702
8516
1023
5487
6702
8021
6597
1800
908
4755
2409
7932
5556
7602
3303
2199
8475
1002
4467
7089
9288
5434
504
4818
1538
6598
5101
1348
1363
74
7825
3637
271
1322
677
2693
2506
5823
8379
9526
7286
4492
9376
1370
9533
9082
4883
6191
2284
4219
1938
1761
6207
8465
3860
166
3169
523
4660
465
700
7150
9077
6531
3570
2500
2149
1999
2239
3110
5925
279
7450
3068
2877
9508
1335
6474
7765
9297
5998
5939
4444
4765
3691
1393
3854
6475
8758
1983
540
9138
5054
7428
9042
7344
9239
5747
8097
1508
7901
6069
6804
7113
3439
3506
831
1053
9299
4826
8013
8749
3694
6795
3299
2053
7307
1562
8609
6713
580
5736
3363
8963
5838
4596
8863
6263
3037
6969
3618
3370
5075
4639
3296
1339
3419
3100
5682
7401
3874
7288
9289
4735
2036
7442
2855
6669
7983
1733
482
8995
7034
9269
4159
7727
8696
1217
5964
6248
3942
3407
2691
7936
2901
2916
2387
6551
6339
3606
3398
3465
652
8027
9402
5624
4177
2347
7889
7595
792
5344
3523
69
329
1588
2437
3938
6064
3243
3903
6046
4761
3658
1411
6276
3802
380
7815
2018
6658
5844
5921
6117
997
2410
5457
659
1051
9521
3542
8294
6130
412
608
5533
9386
5060
8674
8262
5293
8717
450
4302
6857
3547
7655
3288
4019
9166
2734
1529
4443
1227
2415
7650
6507
2674
8122
12504
27923
17421
22390
12190
15238
16023
23418
17323
15767
27805
18380
20577
17058
21705
11815
22833
19439
25011
27763
15704
17022
26118
13021
12295
24859
30117
27648
21960
20427
21019
10338
10233
22064
19226
22797
24594
25562
20847
15074
28295
18355
23213
9842
11774
28322
13087
18692
23574
28589
23762
22961
17769
19915
25985
21647
28731
29959
10386
20286
26632
21684
20070
11126
21718
20161
26290
27703
18851
11222
19599
18691
17770
20264
12514
20987
23408
22580
26199
29589
10708
16882
29471
23951
17628
14048
26365
13910
12968
10116
22431
20710
11468
16952
11574
25763
23176
28350
25584
12515
26370
25995
22282
22911
29014
19912
16299
21448
21199
11855
23257
21018
27453
29955
18685
22996
17661
16947
11829
25261
12493
15061
23738
9944
20961
26554
19881
20030
10162
9605
19612
28702
19546
14051
27677
11234
13961
21477
27707
17738
25002
17745
9643
11522
17853
10484
12958
25605
13731
12472
25769
19175
29189
11544
29716
24890
14363
26276
12057
17798
22442
25373
24401
29456
20802
18203
11300
11167
17810
16819
20866
10650
13032
24368
9705
20614
22983
26620
27601
11797
29224
17341
13896
22622
23484
15670
16124
24003
9990
24962
10088
22598
16033
19194
21877
20817
13776
15576
24414
16028
9695
11983
28141
26523
28471
9852
16977
9768
28639
10300
13692
27922
25449
15341
26840
28930
18202
21528
17861
17887
23170
21811
25146
21887
26642
9698
14335
19035
25960
16489
18581
27186
21855
10264
16491
10443
26855
19941
11380
19424
22160
22329
10845
29796
14404
14939
23778
29297
25896
11670
22678
9878
25271
14631
15170
17144
18901
22026
24283
20872
9982
24040
20229
19982
21243
28735
17069
22005
29825
24896
26442
26140
21303
12887
15566
11328
14144
24802
17256
16768
20298
13828
18206
25264
18381
20156
12893
21324
20337
23972
11341
21935
12365
19697
11026
28359
28508
11762
23953
16688
11390
18735
26908
13219
25056
26471
16400
11533
10283
11812
12255
19101
13003
16698
27994
22399
18275
9564
20887
21479
27318
16311
19080
27749
18173
25413
23083
11928
12400
10781
27429
21511
25042
14431
17985
11891
29326
21969
12496
13297
12948
18351
14405
29904
12227
28720
19571
14481
21781
27301
21585
24738
11718
11890
27157
11437
25311
19961
21016
19790
10723
10278
11474
22965
9800
26316
9584
11602
21371
19947
28003
28926
19617
27302
9838
29484
12914
22351
28426
16272
21571
14332
12119
28643
11643
20858
13259
28315
29168
10446
26409
29420
23860
10043
28749
30219
14438
25890
11225
17999
11371
10330
9854
23470
10023
19218
9608
26097
19635
12946
19159
13384
16466
20191
16057
25711
13236
11524
22342
25423
11795
22195
22522
18094
22116
24042
22140
28823
30103
12214
24505
20684
10539
29148
16431
9731
26987
16994
24901
16826
23651
22937
28147
17536
9922
21476
27899
23255
21026
29411
28301
9787
17009
29822
27244
15901
11611
27821
27237
24002
25953
23198
23297
20417
9954
29076
29567
25326
22925
28392
26322
24437
23181
11687
19273
24056
22904
25162
17392
19544
19011
26386
13915
18460
29239
19663
25653
29936
25206
11781
13414
19887
19094
21819
13674
29319
19162
17698
11275
16985
