3076
2420
1914
3372
3148
673
2267
3420
265
2102
190
2832
31
1974
3427
573
1268
3207
3335
340
288
351
3466
518
3570
777
2949
897
1620
2989
3078
2431
1257
2426
2200
3192
1953
1941
135
1636
3516
393
3562
1818
3406
3600
2532
2156
3272
1684
1800
2631
2369
890
1940
1417
2815
2036
3358
1749
2895
2966
1933
576
2599
513
2828
567
3577
861
727
2922
685
3027
2686
561
3133
2366
741
3041
2000
550
2787
516
227
310
1415
1125
2053
1530
947
757
321
1259
2291
1226
1069
974
156
1443
114
384
3576
3077
726
29
1129
2436
535
2289
570
3573
1617
2290
2348
1789
2045
532
2235
1340
301
3161
2103
946
1132
326
3434
3256
3264
2840
3339
2365
1147
141
958
828
3201
2589
1456
2393
1713
3303
365
2779
2632
2702
808
1248
3371
9
205
2104
2167
3191
1767
281
3589
2324
2070
1782
2471
684
3094
2533
2850
2853
1460
3537
1618
3044
305
2179
1138
3613
1558
3239
2048
3014
1235
2986
2472
422
1013
3399
1239
1663
2712
3464
2234
3111
770
1742
3555
1399
750
3454
3458
1670
3544
3582
522
2115
30
3437
2435
2654
2910
3109
271
575
3185
540
1662
70
2087
3046
3361
3288
839
2012
2784
3150
3413
648
436
1001
2549
117
1458
1777
2476
3059
2041
2085
922
2404
3410
2935
2043
3579
3614
3320
2563
2392
42
3440
3092
217
3188
3315
1160
2959
810
2946
3347
381
584
2454
3415
2948
2389
91
1156
3469
369
2299
2362
463
903
2951
923
1898
623
1660
3333
1442
2063
3053
1579
3255
2232
744
547
1390
2675
1068
25
3321
1111
2673
1590
1194
2473
3203
3417
3107
771
1352
626
3168
3104
2560
2824
1017
316
2470
878
2552
1015
2558
2939
1962
3258
2465
1890
850
2905
268
2694
1011
1364
483
2017
2396
683
2376
821
1798
289
2719
432
793
2495
7
2972
2129
2957
811
104
899
2874
2858
2452
1761
1300
2108
3098
1907
972
3084
2466
500
1252
556
1738
2823
1512
835
508
73
3299
304
480
99
2199
3382
345
1639
1365
1757
134
525
3112
498
2079
2587
496
163
2808
633
2522
817
3504
1433
383
3249
855
2112
2186
441
3351
2770
3083
179
64
1581
2253
2269
18
1838
759
203
2569
2994
1724
542
2248
1478
1698
2347
3127
1751
1034
336
3522
263
2640
2899
1760
3012
1610
2491
3221
184
398
2374
912
768
3029
3566
2851
372
2802
3143
3102
2412
120
497
2782
1081
2988
2
1998
1665
2238
3282
568
1318
3187
3569
3558
1750
967
1548
1492
1619
254
3366
2447
797
1100
3502
1534
3348
3585
3524
2638
595
3194
2685
609
1481
751
3571
2799
3132
3564
2441
1577
2553
2331
488
3509
2123
2252
3313
454
1894
2869
1354
1453
747
2755
2344
2298
3270
2494
3167
2268
2929
20477
12746
12572
17246
11224
19739
5680
4698
17677
16082
21090
17782
19072
21135
14248
19237
13751
15058
20324
20328
14477
12045
8183
14455
18614
12574
21094
11266
11959
16392
19732
20326
7438
18212
5605
20026
13573
14697
18900
10971
18426
11648
14528
16526
17307
15875
8713
17197
18381
11460
14128
19608
4056
18407
16066
11137
13418
16720
17571
19565
19060
18298
20029
14269
13334
11120
17650
12443
9010
16540
16747
12027
14855
16582
17859
20974
19447
17722
16933
16008
11888
11132
13272
13686
12014
20554
4546
11308
9075
15165
19269
19218
9721
13359
12368
13673
12524
15249
17642
4228
11995
20203
17435
14707
18742
20903
18483
12375
20698
15598
14139
18998
12305
13677
4360
12370
14173
14608
13286
11702
17276
11785
10220
12857
12823
18516
12359
21117
8432
19649
11209
9777
13771
16206
13007
20437
15278
17584
17093
13741
19433
18700
20181
19162
19325
15877
15679
15422
12347
14764
16471
14949
17865
13647
16171
3748
18389
13563
16812
16888
19112
20356
21067
20661
13009
13649
14665
19131
13058
11526
19290
13296
9175
17081
18067
20590
16590
15791
13996
17124
4733
20350
17037
18457
11472
4489
15416
13290
13999
17776
11219
14288
18446
18807
17272
20713
13927
20452
19417
13980
18683
16036
18257
12894
15285
9320
12702
20202
15991
15563
14734
18888
11853
18250
15668
14956
11841
12293
11717
17273
14502
17901
20622
19812
15131
16639
19938
12112
12738
11097
21163
4738
20137
11434
15937
13940
16054
11095
19571
20849
13261
11412
18671
13586
19022
11975
19980
12964
12825
19331
18256
12483
20012
14199
20405
12261
16439
12413
20240
11762
14313
15871
3640
18065
15094
17867
15280
15446
13145
17888
11592
15070
8732
15680
20318
7680
17621
15498
11789
13268
11935
11035
18323
15244
13326
18427
5594
19211
9364
13754
19698
13247
17448
11627
12935
19542
15219
20391
21149
14027
13097
14973
12130
9843
3783
20284
15191
13861
19393
20756
13848
20190
12799
18158
20197
6490
12928
13083
19041
12418
15370
11868
15846
14704
14990
20716
11661
14505
17605
20316
12934
11671
16460
19661
20000
13183
18179
14588
9951
20396
16055
15347
11565
14653
19668
5163
13664
20869
18382
21125
16176
12310
6003
17248
11992
19356
15121
15710
11563
3836
15893
14453
13595
15252
14706
11777
16756
15793
15989
12427
18289
17690
12728
18675
13454
3727
17942
18927
4820
20761
14002
21048
20372
11306
19833
19705
18859
17487
13778
13362
4395
12382
18366
20014
16895
20801
14474
11305
12134
3932
20524
7469
16549
17112
18400
12063
16670
13318
12827
12448
15267
16252
15260
12973
19670
20383
14978
12254
12675
12540
18351
17714
11303
13256
20707
19750
20117
9863
14422
20409
11449
16338
15736
15922
15785
12615
8602
13260
20228
20896
13696
17144
19784
15624
19293
16376
20521
15600
20023
19621
19881
12693
20770
19034
18939
12137
19892
12074
14460
5201
13823
15904
13948
14751
4378
16418
14699
16462
18943
16847
17356
20574
18532
15268
17242
12785
13785
20546
20218
16624
15917
19787
13857
11540
19912
20509
16325
15725
17034
15733
17089
14498
11706
12274
12828
13079
16421
13147
18019
18369
