966
1083
422
7
66
714
826
1146
1161
461
222
530
346
109
998
641
922
873
972
75
784
1188
838
573
20
1140
306
1089
946
975
229
735
786
694
150
1147
992
569
184
595
1103
1221
1131
136
110
866
749
415
190
1190
199
895
981
287
333
339
1204
225
620
827
1180
861
1198
46
907
576
504
284
483
929
807
380
76
1263
148
956
253
355
613
1182
680
466
811
215
324
1137
210
401
1014
636
233
239
1116
1208
279
160
21
72
1034
746
480
1258
1215
1090
1238
1159
198
550
1201
92
100
632
1118
549
1136
1252
186
207
565
728
925
11
69
17
14
566
197
654
540
88
664
216
1052
1218
736
1160
584
564
645
194
479
779
810
154
297
790
163
738
64
119
841
900
624
1046
349
405
269
172
102
515
60
720
670
696
320
248
214
1207
87
471
635
600
226
0
820
648
1121
847
513
427
122
837
357
90
309
1144
1124
625
509
623
1097
201
598
891
1048
1143
557
1231
1167
578
1016
432
681
95
161
1166
1211
767
522
778
1168
235
68
487
181
572
189
169
435
183
708
15
378
367
2
453
1061
1183
672
368
1186
518
1031
637
418
237
687
846
400
842
638
450
200
1253
541
171
243
55
591
704
328
712
151
1219
1170
843
460
274
302
1187
1213
1022
433
862
834
505
668
43
348
145
855
268
1178
247
604
931
1029
740
603
133
859
763
782
1191
945
1129
272
887
831
529
813
533
476
950
935
1102
1243
59
455
909
462
1195
111
155
692
1036
1001
883
372
960
485
230
640
923
698
332
271
1047
126
19
398
650
619
597
351
1049
202
67
793
1058
630
412
551
1177
697
644
739
656
4
881
686
896
45
948
689
665
868
1106
775
582
933
1123
238
153
521
185
1127
967
616
683
1282
468
660
1055
852
311
1088
386
1216
667
1176
1196
848
319
252
543
486
666
12
258
568
1235
1133
788
132
589
507
390
1250
188
103
270
1283
419
256
140
1004
265
310
388
1158
872
885
622
659
482
1285
221
804
375
338
1100
167
559
83
628
497
776
292
414
445
203
796
295
317
366
995
886
1125
965
213
344
176
1210
991
91
581
1139
385
800
702
434
722
690
498
162
971
594
289
1209
1145
467
495
220
985
1248
327
730
1008
22
791
293
870
104
994
383
1024
671
1019
1064
300
840
555
744
514
364
588
756
182
1082
1269
1076
537
963
1148
609
96
1134
478
442
28
506
1109
376
142
792
1154
475
809
49
86
446
893
547
396
1277
936
556
701
606
647
795
833
1053
57
1222
227
1225
420
1237
964
1079
643
1289
1274
413
474
839
242
1095
178
488
61
138
1239
627
440
125
821
892
662
1000
1108
1278
456
288
808
1247
719
724
1175
1013
273
13
1084
321
1200
916
761
1280
707
448
1006
906
888
1003
195
32
107
511
773
605
164
823
1162
646
980
780
157
337
1110
806
785
884
684
94
331
742
599
174
512
395
910
82
863
118
657
607
79
503
794
770
1234
336
1057
127
879
1117
940
952
314
74
129
695
1085
120
175
44
1038
871
546
1074
988
399
1054
854
350
112
653
754
316
955
574
1149
204
437
404
1264
1181
937
1025
548
716
1010
631
259
962
397
760
108
897
877
147
212
263
1212
305
1240
52
535
824
902
1262
996
633
369
1075
1256
1138
571
655
592
732
575
209
639
758
1094
244
982
676
143
9
1157
6
1286
1051
191
341
553
472
917
516
363
1027
711
301
706
312
353
755
168
903
492
1056
1226
84
536
941
560
602
921
470
128
457
39
990
447
149
723
1
1098
1230
436
703
934
1017
1185
718
18
218
812
1228
1042
373
715
165
170
953
1255
751
392
523
878
1229
502
1217
1009
1270
1028
290
179
1245
454
661
1011
449
231
362
797
517
484
411
822
579
115
563
114
370
1126
968
1112
192
391
452
377
255
196
408
1062
494
748
1206
381
918
282
481
610
97
123
801
1224
1267
326
1223
345
580
1272
246
360
830
47
765
717
358
679
34
394
894
1015
152
384
1152
429
491
951
423
1179
1220
961
53
330
1257
642
856
1184
798
769
29
1120
954
944
416
1060
1030
359
99
1202
283
264
387
141
905
318
977
539
1044
236
285
465
26
1002
334
276
8
443
315
825
835
898
56
688
424
1122
116
340
54
410
1119
538
764
725
1241
1246
617
1066
374
1279
531
27
101
743
1261
709
1081
1155
542
267
1005
1259
844
987
768
329
1073
78
845
1063
596
989
417
205
232
38
1244
1077
554
1288
407
864
389
908
10
816
177
1037
280
774
614
406
508
139
245
552
444
828
166
278
30
1171
35
1290
24
421
159
425
626
753
1115
173
978
430
187
322
217
105
298
781
135
928
1236
354
296
16
1153
733
1039
832
700
70
501
1197
524
23
850
1284
41
757
71
266
674
469
261
526
926
1105
771
734
1232
858
997
889
36
438
1174
1173
959
158
1114
144
431
693
426
682
803
1080
352
1041
984
590
