789
1061
415
466
1118
837
90
279
161
550
226
786
600
807
378
530
513
1161
598
736
1253
843
1187
60
210
348
229
479
714
838
1103
1218
727
584
95
847
746
922
1215
357
842
1204
887
522
998
784
635
253
900
648
297
46
405
728
811
638
11
992
222
929
691
1166
251
190
1046
1090
43
572
207
790
1193
199
1207
931
55
184
861
274
1121
664
21
641
64
696
1208
779
268
651
1183
509
1182
72
92
1263
480
680
1031
820
1048
866
68
738
1178
435
1129
1201
201
1045
841
637
519
540
1137
613
1136
239
1116
1147
7
302
505
233
1213
565
133
1156
891
198
576
907
248
235
14
346
339
645
122
670
1091
355
460
225
1252
1238
150
306
237
625
566
735
328
981
749
110
100
549
483
1170
1159
1016
102
946
636
620
632
654
1167
623
564
925
160
945
668
418
504
603
1188
595
432
1221
687
966
169
1198
1146
767
247
1124
1219
461
320
557
1029
663
183
975
541
578
20
859
471
272
17
604
681
515
1023
573
216
15
186
401
1191
1143
422
171
810
75
119
284
1140
1186
368
197
1089
1231
518
1144
1131
151
154
712
720
269
189
172
214
1211
427
367
380
109
956
624
333
1276
827
1097
69
846
145
88
694
76
194
740
2
895
400
181
591
66
855
782
87
1180
672
704
228
763
708
200
1160
148
324
1034
453
309
433
254
450
1083
569
1168
163
349
0
1014
1022
1190
972
834
243
136
215
487
778
826
287
1258
996
756
1106
412
571
270
514
770
936
1117
559
474
112
523
1237
1228
383
86
1100
715
132
780
202
690
395
813
1013
103
1177
61
1274
1282
800
776
619
711
414
388
176
211
616
1200
375
437
129
293
1074
1240
446
934
39
178
1256
175
331
960
1082
667
1286
639
227
203
445
872
1049
244
242
313
808
128
1226
168
689
188
812
1176
1239
666
597
892
259
1079
155
1134
1157
910
921
574
91
512
1068
455
660
12
1222
59
182
457
751
657
955
413
488
909
1115
8
1002
29
1062
409
318
764
173
709
661
54
361
781
494
1005
330
1122
951
53
299
410
1288
997
139
1119
1272
1241
496
1232
35
601
1071
1197
255
158
542
1114
642
439
864
610
245
1192
1261
1066
1105
688
1152
748
1174
673
898
30
41
961
590
246
769
1214
282
38
501
1259
943
362
1015
1224
1236
345
596
822
959
558
489
987
426
1220
1184
360
984
1120
1202
1060
989
977
580
1039
679
298
340
734
407
444
280
27
1007
116
335
725
1233
502
177
1030
411
825
803
797
264
389
1249
757
765
26
835
593
187
753
166
219
1101
733
105
579
1128
856
217
1011
1150
394
832
844
159
236
889
16
490
315
510
115
894
850
391
828
431
1081
626
554
1037
421
430
71
774
926
1270
358
449
944
1206
743
717
563
192
768
1028
408
1284
135
454
452
508
334
443
326
552
771
1179
179
123
1041
406
296
438
1112
465
816
1244
614
23
617
674
526
1290
901
266
1279
878
384
538
1171
1063
1257
1217
374
99
352
1223
97
539
1155
24
429
285
231
1126
381
56
424
101
1246
232
918
845
1077
1073
425
276
290
370
491
359
36
78
283
729
1009
905
517
830
267
1153
416
