368
2094
8167
2974
5800
4599
8477
6819
1294
283
7593
4956
7161
7854
7433
7126
7559
265
258
5301
3021
2998
6525
1704
3799
1727
2503
1406
5369
238
7694
9014
7863
9045
953
8106
4186
3883
3711
5541
1639
2828
3795
9379
2694
5482
1867
2131
5905
5305
6612
5458
5644
5427
199
5003
3989
8773
3709
6712
7757
1838
6099
4430
7113
3641
3754
1822
7097
6062
5005
7211
679
7836
7682
4331
1800
5081
7589
9161
3980
7278
8832
2497
601
5599
9078
56
8739
8033
8122
3293
1140
1816
141
2011
6680
4968
9058
1184
2881
3712
8587
5280
9126
6097
7977
128
6971
5882
5255
6864
2486
3126
2484
7228
4770
7667
4811
3275
1120
4472
3886
6945
7121
571
7774
7394
7383
2940
2610
4986
8008
4130
8973
1026
8303
8501
634
9027
3155
5573
6740
6721
3809
7339
5548
3346
6200
8272
6944
2907
3232
9375
561
4082
5310
2198
676
9358
1588
7065
2357
3857
5384
8911
167
2373
1119
2318
7186
6325
8352
3983
2260
2440
8409
4945
4660
4085
8085
7797
2670
7958
3241
5454
4169
245
3699
8894
5344
7565
4635
1845
1657
6172
2249
3063
8959
8681
5931
4054
8036
6463
8024
5488
3982
6685
9440
5632
9305
7957
6658
9373
6353
8278
8974
9554
5960
3549
5942
8896
147
2983
6371
482
7238
2700
4089
1777
3752
17
9438
8015
7059
5370
6295
7329
2061
6138
6710
9156
6818
7442
8353
1837
2745
4764
852
1544
4310
4306
7970
2214
6675
950
8187
2509
2346
1710
6417
3609
6243
169
1411
4935
6580
1902
3700
3729
6957
7705
779
7301
760
423
146
4776
3163
6169
136
1801
4366
1913
1997
266
1786
2395
9370
2661
9093
1854
2832
1906
3706
4910
4101
8897
1104
5339
6793
2028
6689
5006
9181
8997
1051
6365
7998
4092
7
1403
691
2048
3969
9393
5101
6803
4843
448
8420
6772
1102
782
4449
8397
6292
4815
7169
7532
3482
1453
9220
341
1533
2183
9067
5483
9023
871
2478
4137
3421
5678
3773
2558
5696
7015
1279
3405
4612
3779
640
8680
4163
71
9288
6341
314
6791
5062
3129
171
3375
8070
6139
4342
8658
7498
7217
7098
1649
4461
191
5232
8720
3511
856
8893
2968
9516
1108
7676
3180
1528
5576
7872
6822
1823
4248
6481
9227
207
1007
9337
2213
5132
7552
1334
5183
2611
5336
3532
8336
8787
4988
4036
1227
2012
8183
4634
1635
4926
7623
4960
6845
9006
6270
3234
5699
5739
1003
622
4289
7561
2578
2595
6700
5246
4245
1821
5312
8126
2627
3233
6654
122
521
1576
1080
851
6537
1961
5210
4098
281
1291
4468
2570
40
9347
6743
6942
3868
8378
9114
4537
6788
9399
3378
6539
4659
8164
8372
2079
8077
6849
1138
973
2956
635
875
1846
809
5182
2571
8359
6187
1468
4250
9349
9119
6907
4176
5765
9372
5859
3153
2919
5360
4715
5534
6008
2941
5714
3950
7750
8883
5085
7791
23588
28279
12694
27700
23902
14078
9778
19171
17257
25363
18219
13888
15868
30095
20313
11382
11991
13652
21682
15029
23798
15496
21494
10094
19828
15743
22642
21874
11122
13278
25463
17476
22172
12591
11016
9938
25962
17532
22508
11370
30207
14605
18436
9608
9750
13541
15966
21970
20480
17507
23275
28919
16481
12988
13223
28332
19181
23272
11524
10548
13553
30215
19912
13160
24920
23242
10382
23991
18849
15439
17560
20119
18103
21960
10113
19247
20571
29771
14798
10363
22844
26056
28960
14399
20410
19053
14405
23303
10420
22058
22525
25132
25196
25586
13634
22866
17141
10628
28393
30090
9842
25536
28613
20078
22019
19842
29774
13997
20567
22937
19801
21352
13577
24000
11720
29583
17633
25416
12565
28750
26016
14237
16595
25088
24425
12157
11740
28216
25661
13963
14193
23843
26190
25491
25528
23744
24480
10860
19524
13003
27981
28428
21282
27848
21542
11503
19872
29458
27438
24514
25460
16766
19175
16051
22833
23929
13603
24657
28490
17464
25771
16366
27882
14129
23119
17707
9776
25016
12342
29955
15039
22088
12262
23167
12853
20316
16401
24777
22782
18491
12570
24073
15952
14783
9716
27862
22048
28923
29319
15767
11749
17813
14973
20187
9959
20446
9992
26088
17342
12101
11158
22367
23284
16117
15957
14487
11875
24126
19135
18429
15555
28081
18481
11595
12984
22663
29637
10466
16738
21794
18298
13503
29772
9810
12615
23591
18439
10053
9957
16008
24699
14176
12117
18559
21699
16332
13158
9650
29868
20774
17354
18169
26343
11790
20545
28540
16339
19612
15325
23031
24342
18447
9828
11353
25375
22424
13985
21724
20251
13497
16381
25897
26789
29808
27422
20441
17063
14119
21127
15421
15803
24917
12071
28612
24551
17243
13744
24331
11412
21932
11555
15504
21737
17734
20649
17225
16767
24103
20981
25559
16316
10617
25284
10209
29478
25889
10135
27818
29376
14411
22953
25219
17928
28958
14270
18954
21904
13794
20197
9629
12783
18455
15594
19454
20528
20434
28436
19740
20471
27804
17118
14350
17317
21812
19935
12354
21839
11220
11799
21985
12183
29844
11360
22871
22878
25650
21213
16984
18799
12569
29815
9741
10996
14702
11247
28806
22934
12749
29794
19435
17023
13315
24932
24085
22170
10870
11315
10307
18161
17901
13685
13929
10362
17783
21633
18180
28765
11271
17253
11693
20677
28230
10114
10886
23953
14668
13363
15842
22856
20794
22968
29515
9725
24579
21792
17437
21320
22765
15884
13939
20274
19485
13341
16570
24059
9734
11929
27463
16248
15314
20426
18577
13319
11466
18322
23690
17310
21735
25954
12427
18392
11267
11155
17036
16545
21450
26656
26271
20350
9860
22679
23445
19559
28082
20140
23509
27299
26932
10822
26691
16374
18460
10913
20627
22381
27861
23621
13350
14075
14614
15221
12047
23383
25226
20332
23808
19464
18511
23113
10675
20470
26250
21576
23352
25001
19843
17964
14579
18290
24936
17980
30025
10544
26849
17224
23294
25238
13733
12153
29920
27055
26890
20192
25847
27471
17457
11079
16547
19269
25153
24769
15319
11763
20292
10974
18856
26991
16741
20235
17576
11041
18450
29562
10259
23850
9970
20710
11110
25665
19299
